[gd_scene load_steps=27 format=3 uid="uid://chqprqchtbh77"]

[ext_resource type="Script" path="res://code/Faces/face6.gd" id="1_odwht"]
[ext_resource type="Script" path="res://addons/phantom_camera/scripts/phantom_camera/phantom_camera_3d.gd" id="2_e2idf"]
[ext_resource type="Script" path="res://addons/phantom_camera/scripts/resources/tween_resource.gd" id="3_lv0va"]
[ext_resource type="Script" path="res://code/roue.gd" id="4_vfabd"]
[ext_resource type="Texture2D" uid="uid://ciig37hbk7eai" path="res://asset/Roue/picto_roue-09.png" id="5_bsths"]
[ext_resource type="Script" path="res://code/pointeur.gd" id="5_hk06d"]
[ext_resource type="Script" path="res://code/Classe/CaseRoue.gd" id="6_51lto"]
[ext_resource type="Texture2D" uid="uid://d1owjbi2065u7" path="res://asset/Roue/picto_roue-11.png" id="6_dv1ny"]
[ext_resource type="Texture2D" uid="uid://uiyp23vp7wok" path="res://asset/Roue/picto_roue-14.png" id="7_add0k"]
[ext_resource type="Texture2D" uid="uid://c3okyo6i28it" path="res://asset/Roue/picto_roue-10.png" id="8_58mam"]
[ext_resource type="Texture2D" uid="uid://26tw4rygxhrq" path="res://asset/Roue/picto_roue-12.png" id="9_bnyul"]
[ext_resource type="Texture2D" uid="uid://cj4y3a0to2abx" path="res://asset/Roue/picto_roue-13.png" id="10_fe3n7"]

[sub_resource type="Resource" id="Resource_kuplg"]
script = ExtResource("3_lv0va")
duration = 1.0
transition = 0
ease = 2

[sub_resource type="CylinderMesh" id="CylinderMesh_7q1oa"]
top_radius = 0.3
bottom_radius = 0.3
height = 0.1

[sub_resource type="StandardMaterial3D" id="StandardMaterial3D_a5830"]
albedo_color = Color(0, 0, 0, 1)

[sub_resource type="BoxMesh" id="BoxMesh_44hpn"]
material = SubResource("StandardMaterial3D_a5830")
size = Vector3(0.1, 0.03, 0.03)

[sub_resource type="ConcavePolygonShape3D" id="ConcavePolygonShape3D_0gck7"]
data = PackedVector3Array(-0.05, 0.015, 0.015, 0.05, 0.015, 0.015, -0.05, -0.015, 0.015, 0.05, 0.015, 0.015, 0.05, -0.015, 0.015, -0.05, -0.015, 0.015, 0.05, 0.015, -0.015, -0.05, 0.015, -0.015, 0.05, -0.015, -0.015, -0.05, 0.015, -0.015, -0.05, -0.015, -0.015, 0.05, -0.015, -0.015, 0.05, 0.015, 0.015, 0.05, 0.015, -0.015, 0.05, -0.015, 0.015, 0.05, 0.015, -0.015, 0.05, -0.015, -0.015, 0.05, -0.015, 0.015, -0.05, 0.015, -0.015, -0.05, 0.015, 0.015, -0.05, -0.015, -0.015, -0.05, 0.015, 0.015, -0.05, -0.015, 0.015, -0.05, -0.015, -0.015, 0.05, 0.015, 0.015, -0.05, 0.015, 0.015, 0.05, 0.015, -0.015, -0.05, 0.015, 0.015, -0.05, 0.015, -0.015, 0.05, 0.015, -0.015, -0.05, -0.015, 0.015, 0.05, -0.015, 0.015, -0.05, -0.015, -0.015, 0.05, -0.015, 0.015, 0.05, -0.015, -0.015, -0.05, -0.015, -0.015)

[sub_resource type="BoxShape3D" id="BoxShape3D_xceh7"]
size = Vector3(0.138174, 0.0411865, 0.114941)

[sub_resource type="ConcavePolygonShape3D" id="ConcavePolygonShape3D_k6txe"]
data = PackedVector3Array(-0.05, 0.015, 0.015, 0.05, 0.015, 0.015, -0.05, -0.015, 0.015, 0.05, 0.015, 0.015, 0.05, -0.015, 0.015, -0.05, -0.015, 0.015, 0.05, 0.015, -0.015, -0.05, 0.015, -0.015, 0.05, -0.015, -0.015, -0.05, 0.015, -0.015, -0.05, -0.015, -0.015, 0.05, -0.015, -0.015, 0.05, 0.015, 0.015, 0.05, 0.015, -0.015, 0.05, -0.015, 0.015, 0.05, 0.015, -0.015, 0.05, -0.015, -0.015, 0.05, -0.015, 0.015, -0.05, 0.015, -0.015, -0.05, 0.015, 0.015, -0.05, -0.015, -0.015, -0.05, 0.015, 0.015, -0.05, -0.015, 0.015, -0.05, -0.015, -0.015, 0.05, 0.015, 0.015, -0.05, 0.015, 0.015, 0.05, 0.015, -0.015, -0.05, 0.015, 0.015, -0.05, 0.015, -0.015, 0.05, 0.015, -0.015, -0.05, -0.015, 0.015, 0.05, -0.015, 0.015, -0.05, -0.015, -0.015, 0.05, -0.015, 0.015, 0.05, -0.015, -0.015, -0.05, -0.015, -0.015)

[sub_resource type="ConcavePolygonShape3D" id="ConcavePolygonShape3D_ae0wb"]
data = PackedVector3Array(-0.05, 0.015, 0.015, 0.05, 0.015, 0.015, -0.05, -0.015, 0.015, 0.05, 0.015, 0.015, 0.05, -0.015, 0.015, -0.05, -0.015, 0.015, 0.05, 0.015, -0.015, -0.05, 0.015, -0.015, 0.05, -0.015, -0.015, -0.05, 0.015, -0.015, -0.05, -0.015, -0.015, 0.05, -0.015, -0.015, 0.05, 0.015, 0.015, 0.05, 0.015, -0.015, 0.05, -0.015, 0.015, 0.05, 0.015, -0.015, 0.05, -0.015, -0.015, 0.05, -0.015, 0.015, -0.05, 0.015, -0.015, -0.05, 0.015, 0.015, -0.05, -0.015, -0.015, -0.05, 0.015, 0.015, -0.05, -0.015, 0.015, -0.05, -0.015, -0.015, 0.05, 0.015, 0.015, -0.05, 0.015, 0.015, 0.05, 0.015, -0.015, -0.05, 0.015, 0.015, -0.05, 0.015, -0.015, 0.05, 0.015, -0.015, -0.05, -0.015, 0.015, 0.05, -0.015, 0.015, -0.05, -0.015, -0.015, 0.05, -0.015, 0.015, 0.05, -0.015, -0.015, -0.05, -0.015, -0.015)

[sub_resource type="ConcavePolygonShape3D" id="ConcavePolygonShape3D_0r7hl"]
data = PackedVector3Array(-0.05, 0.015, 0.015, 0.05, 0.015, 0.015, -0.05, -0.015, 0.015, 0.05, 0.015, 0.015, 0.05, -0.015, 0.015, -0.05, -0.015, 0.015, 0.05, 0.015, -0.015, -0.05, 0.015, -0.015, 0.05, -0.015, -0.015, -0.05, 0.015, -0.015, -0.05, -0.015, -0.015, 0.05, -0.015, -0.015, 0.05, 0.015, 0.015, 0.05, 0.015, -0.015, 0.05, -0.015, 0.015, 0.05, 0.015, -0.015, 0.05, -0.015, -0.015, 0.05, -0.015, 0.015, -0.05, 0.015, -0.015, -0.05, 0.015, 0.015, -0.05, -0.015, -0.015, -0.05, 0.015, 0.015, -0.05, -0.015, 0.015, -0.05, -0.015, -0.015, 0.05, 0.015, 0.015, -0.05, 0.015, 0.015, 0.05, 0.015, -0.015, -0.05, 0.015, 0.015, -0.05, 0.015, -0.015, 0.05, 0.015, -0.015, -0.05, -0.015, 0.015, 0.05, -0.015, 0.015, -0.05, -0.015, -0.015, 0.05, -0.015, 0.015, 0.05, -0.015, -0.015, -0.05, -0.015, -0.015)

[sub_resource type="ConcavePolygonShape3D" id="ConcavePolygonShape3D_n6qde"]
data = PackedVector3Array(-0.05, 0.015, 0.015, 0.05, 0.015, 0.015, -0.05, -0.015, 0.015, 0.05, 0.015, 0.015, 0.05, -0.015, 0.015, -0.05, -0.015, 0.015, 0.05, 0.015, -0.015, -0.05, 0.015, -0.015, 0.05, -0.015, -0.015, -0.05, 0.015, -0.015, -0.05, -0.015, -0.015, 0.05, -0.015, -0.015, 0.05, 0.015, 0.015, 0.05, 0.015, -0.015, 0.05, -0.015, 0.015, 0.05, 0.015, -0.015, 0.05, -0.015, -0.015, 0.05, -0.015, 0.015, -0.05, 0.015, -0.015, -0.05, 0.015, 0.015, -0.05, -0.015, -0.015, -0.05, 0.015, 0.015, -0.05, -0.015, 0.015, -0.05, -0.015, -0.015, 0.05, 0.015, 0.015, -0.05, 0.015, 0.015, 0.05, 0.015, -0.015, -0.05, 0.015, 0.015, -0.05, 0.015, -0.015, 0.05, 0.015, -0.015, -0.05, -0.015, 0.015, 0.05, -0.015, 0.015, -0.05, -0.015, -0.015, 0.05, -0.015, 0.015, 0.05, -0.015, -0.015, -0.05, -0.015, -0.015)

[sub_resource type="ConcavePolygonShape3D" id="ConcavePolygonShape3D_7d21r"]
data = PackedVector3Array(-0.05, 0.015, 0.015, 0.05, 0.015, 0.015, -0.05, -0.015, 0.015, 0.05, 0.015, 0.015, 0.05, -0.015, 0.015, -0.05, -0.015, 0.015, 0.05, 0.015, -0.015, -0.05, 0.015, -0.015, 0.05, -0.015, -0.015, -0.05, 0.015, -0.015, -0.05, -0.015, -0.015, 0.05, -0.015, -0.015, 0.05, 0.015, 0.015, 0.05, 0.015, -0.015, 0.05, -0.015, 0.015, 0.05, 0.015, -0.015, 0.05, -0.015, -0.015, 0.05, -0.015, 0.015, -0.05, 0.015, -0.015, -0.05, 0.015, 0.015, -0.05, -0.015, -0.015, -0.05, 0.015, 0.015, -0.05, -0.015, 0.015, -0.05, -0.015, -0.015, 0.05, 0.015, 0.015, -0.05, 0.015, 0.015, 0.05, 0.015, -0.015, -0.05, 0.015, 0.015, -0.05, 0.015, -0.015, 0.05, 0.015, -0.015, -0.05, -0.015, 0.015, 0.05, -0.015, 0.015, -0.05, -0.015, -0.015, 0.05, -0.015, 0.015, 0.05, -0.015, -0.015, -0.05, -0.015, -0.015)

[sub_resource type="StandardMaterial3D" id="StandardMaterial3D_tbel3"]
albedo_color = Color(1, 0, 0, 1)

[sub_resource type="PrismMesh" id="PrismMesh_w7nj8"]
material = SubResource("StandardMaterial3D_tbel3")
size = Vector3(0.07, 0.1, 0.15)

[sub_resource type="BoxShape3D" id="BoxShape3D_cvrh3"]
size = Vector3(0.037832, 0.0926453, 0.0832153)

[node name="FaceRoue" type="Node3D"]
script = ExtResource("1_odwht")

[node name="PhantomCamera3D" type="Node3D" parent="." groups=["pcam_face"]]
transform = Transform3D(-4.37114e-08, 0, 1, 0, 1, 0, -1, 0, -4.37114e-08, 1, 0, 0)
script = ExtResource("2_e2idf")
tween_resource = SubResource("Resource_kuplg")

[node name="MeshRoue" type="MeshInstance3D" parent="."]
transform = Transform3D(-4.37114e-08, 1, 0, -0.866026, -3.78552e-08, 0.5, 0.5, 2.18557e-08, 0.866026, -0.05, 0, 0)
mesh = SubResource("CylinderMesh_7q1oa")
script = ExtResource("4_vfabd")

[node name="Joint1" type="Area3D" parent="MeshRoue"]
transform = Transform3D(1, 0, 0, 0, 1, 0, 0, 0, 1, -0.260061, 0.0569384, 0)
collision_layer = 16
collision_mask = 0

[node name="Mesh" type="MeshInstance3D" parent="MeshRoue/Joint1"]
mesh = SubResource("BoxMesh_44hpn")
skeleton = NodePath("../..")

[node name="CollisionShape3D" type="CollisionShape3D" parent="MeshRoue/Joint1"]
shape = SubResource("ConcavePolygonShape3D_0gck7")

[node name="Flèche AH" type="Sprite3D" parent="MeshRoue"]
transform = Transform3D(0.5, -0.866026, -6.55671e-08, 6.55671e-08, -3.78552e-08, 1, -0.866026, -0.5, 3.78552e-08, -0.188864, 0.0548363, -0.102928)
pixel_size = 0.0015
texture = ExtResource("5_bsths")

[node name="CaseFlecheAH" type="Area3D" parent="MeshRoue/Flèche AH" groups=["case_roue"]]
collision_layer = 0
collision_mask = 0
script = ExtResource("6_51lto")
numero_case = 1

[node name="CollisionShape3D" type="CollisionShape3D" parent="MeshRoue/Flèche AH/CaseFlecheAH"]
transform = Transform3D(0.96621, 0.257773, 1.47721e-09, -0.257774, 0.966209, 1.12676e-08, 1.4751e-09, -1.12677e-08, 1, 0.0681408, 0.0486418, 4.65661e-09)
shape = SubResource("BoxShape3D_xceh7")

[node name="CollisionShape3D2" type="CollisionShape3D" parent="MeshRoue/Flèche AH/CaseFlecheAH"]
transform = Transform3D(0.973011, -0.230782, 1.17998e-09, 0.230783, 0.97301, -1.00877e-08, 1.17778e-09, 1.00878e-08, 1, -0.056944, 0.0503119, 1.25729e-08)
shape = SubResource("BoxShape3D_xceh7")

[node name="Joint2" type="Area3D" parent="MeshRoue"]
transform = Transform3D(0.5, 0, -0.866025, 0, 1, 0, 0.866025, 0, 0.5, -0.13003, 0.0569384, -0.225219)
collision_layer = 16
collision_mask = 0

[node name="Mesh" type="MeshInstance3D" parent="MeshRoue/Joint2"]
mesh = SubResource("BoxMesh_44hpn")
skeleton = NodePath("../..")

[node name="CollisionShape3D" type="CollisionShape3D" parent="MeshRoue/Joint2"]
shape = SubResource("ConcavePolygonShape3D_k6txe")

[node name="Musique" type="Sprite3D" parent="MeshRoue"]
transform = Transform3D(1, -1.19209e-07, -8.74228e-08, 8.74228e-08, -3.43445e-15, 1, -1.19209e-07, -1, 1.89462e-15, -0.00529398, 0.0548363, -0.215025)
pixel_size = 0.001
texture = ExtResource("6_dv1ny")

[node name="CaseMusique" type="Area3D" parent="MeshRoue/Musique" groups=["case_roue"]]
collision_layer = 0
collision_mask = 0
script = ExtResource("6_51lto")
numero_case = 2

[node name="CollisionShape3D" type="CollisionShape3D" parent="MeshRoue/Musique/CaseMusique"]
transform = Transform3D(0.96621, 0.257773, 1.47721e-09, -0.257774, 0.966209, 1.12676e-08, 1.4751e-09, -1.12677e-08, 1, 0.0681408, 0.0486418, 4.65661e-09)
shape = SubResource("BoxShape3D_xceh7")

[node name="CollisionShape3D2" type="CollisionShape3D" parent="MeshRoue/Musique/CaseMusique"]
transform = Transform3D(0.973011, -0.230782, 1.17998e-09, 0.230783, 0.97301, -1.00877e-08, 1.17778e-09, 1.00878e-08, 1, -0.056944, 0.0503119, 1.25729e-08)
shape = SubResource("BoxShape3D_xceh7")

[node name="Joint3" type="Area3D" parent="MeshRoue"]
transform = Transform3D(-0.5, 0, -0.866025, 0, 1, 0, 0.866025, 0, -0.5, 0.13003, 0.0569384, -0.225219)
collision_layer = 16
collision_mask = 0

[node name="CollisionShape3D" type="CollisionShape3D" parent="MeshRoue/Joint3"]
shape = SubResource("ConcavePolygonShape3D_ae0wb")

[node name="Mesh" type="MeshInstance3D" parent="MeshRoue/Joint3"]
mesh = SubResource("BoxMesh_44hpn")
skeleton = NodePath("../..")

[node name="Croix" type="Sprite3D" parent="MeshRoue"]
transform = Transform3D(0.5, 0.866026, -6.55671e-08, 6.55671e-08, 3.78552e-08, 1, 0.866026, -0.5, -3.78552e-08, 0.18357, 0.0548363, -0.112097)
pixel_size = 0.0015
texture = ExtResource("7_add0k")

[node name="CaseCroix" type="Area3D" parent="MeshRoue/Croix" groups=["case_roue"]]
collision_layer = 0
collision_mask = 0
script = ExtResource("6_51lto")
numero_case = 3

[node name="CollisionShape3D" type="CollisionShape3D" parent="MeshRoue/Croix/CaseCroix"]
transform = Transform3D(0.96621, 0.257773, 1.47721e-09, -0.257774, 0.966209, 1.12676e-08, 1.4751e-09, -1.12677e-08, 1, 0.0681408, 0.0486418, 4.65661e-09)
shape = SubResource("BoxShape3D_xceh7")

[node name="CollisionShape3D2" type="CollisionShape3D" parent="MeshRoue/Croix/CaseCroix"]
transform = Transform3D(0.973011, -0.230782, 1.17998e-09, 0.230783, 0.97301, -1.00877e-08, 1.17778e-09, 1.00878e-08, 1, -0.056944, 0.0503119, 1.25729e-08)
shape = SubResource("BoxShape3D_xceh7")

[node name="Joint4" type="Area3D" parent="MeshRoue"]
transform = Transform3D(-1, 0, -8.74228e-08, 0, 1, 0, 8.74228e-08, 0, -1, 0.260061, 0.0569384, 2.27352e-08)
collision_layer = 16
collision_mask = 0

[node name="CollisionShape3D" type="CollisionShape3D" parent="MeshRoue/Joint4"]
shape = SubResource("ConcavePolygonShape3D_0r7hl")

[node name="Mesh" type="MeshInstance3D" parent="MeshRoue/Joint4"]
transform = Transform3D(1, 8.74228e-08, -1.74846e-07, -8.74228e-08, 1, 3.82137e-15, 1.74846e-07, 1.14641e-14, 1, 0, 0, 0)
mesh = SubResource("BoxMesh_44hpn")
skeleton = NodePath("../..")

[node name="Fleche H" type="Sprite3D" parent="MeshRoue"]
transform = Transform3D(-0.5, 0.866026, -2.18557e-08, 2.18557e-08, 3.78552e-08, 1, 0.866026, 0.5, -3.78552e-08, 0.188864, 0.0548363, 0.102928)
pixel_size = 0.0015
texture = ExtResource("8_58mam")

[node name="CaseFlecheH" type="Area3D" parent="MeshRoue/Fleche H" groups=["case_roue"]]
collision_layer = 0
collision_mask = 0
script = ExtResource("6_51lto")
numero_case = 4

[node name="CollisionShape3D" type="CollisionShape3D" parent="MeshRoue/Fleche H/CaseFlecheH"]
transform = Transform3D(0.96621, 0.257773, 1.47721e-09, -0.257774, 0.966209, 1.12676e-08, 1.4751e-09, -1.12677e-08, 1, 0.0681408, 0.0486418, 4.65661e-09)
shape = SubResource("BoxShape3D_xceh7")

[node name="CollisionShape3D2" type="CollisionShape3D" parent="MeshRoue/Fleche H/CaseFlecheH"]
transform = Transform3D(0.973011, -0.230782, 1.17998e-09, 0.230783, 0.97301, -1.00877e-08, 1.17778e-09, 1.00878e-08, 1, -0.056944, 0.0503119, 1.25729e-08)
shape = SubResource("BoxShape3D_xceh7")

[node name="Joint5" type="Area3D" parent="MeshRoue"]
transform = Transform3D(-0.5, 0, 0.866025, 0, 1, 0, -0.866025, 0, -0.5, 0.13003, 0.0569384, 0.225219)
collision_layer = 16
collision_mask = 0

[node name="CollisionShape3D" type="CollisionShape3D" parent="MeshRoue/Joint5"]
transform = Transform3D(1, 0, 0, 0, 1, 0, 0, 0, 1, 0, 0, 0)
shape = SubResource("ConcavePolygonShape3D_n6qde")

[node name="Mesh" type="MeshInstance3D" parent="MeshRoue/Joint5"]
transform = Transform3D(1, 6.55671e-08, -1.49012e-07, -6.55671e-08, 1, 3.78552e-08, 1.49012e-07, -3.78552e-08, 1, 0, 0, 0)
mesh = SubResource("BoxMesh_44hpn")
skeleton = NodePath("../..")

[node name="Exclamation" type="Sprite3D" parent="MeshRoue"]
transform = Transform3D(-1, 0, -1.06581e-14, -8.88178e-15, 3.55271e-15, 1, 0, 1, 3.55271e-15, 0.00529393, 0.0548363, 0.215025)
pixel_size = 0.001
texture = ExtResource("9_bnyul")

[node name="CaseExclamation" type="Area3D" parent="MeshRoue/Exclamation" groups=["case_roue"]]
transform = Transform3D(1, 0, 0, 0, 1, 0, 0, 0, 1, 0, 0, 0)
collision_layer = 0
collision_mask = 0
script = ExtResource("6_51lto")
numero_case = 5

[node name="CollisionShape3D" type="CollisionShape3D" parent="MeshRoue/Exclamation/CaseExclamation"]
transform = Transform3D(0.96621, 0.257773, 1.47721e-09, -0.257774, 0.966209, 1.12676e-08, 1.4751e-09, -1.12677e-08, 1, 0.0681408, 0.0486418, 4.65661e-09)
shape = SubResource("BoxShape3D_xceh7")

[node name="CollisionShape3D2" type="CollisionShape3D" parent="MeshRoue/Exclamation/CaseExclamation"]
transform = Transform3D(0.973011, -0.230782, 1.17998e-09, 0.230783, 0.97301, -1.00877e-08, 1.17778e-09, 1.00878e-08, 1, -0.056944, 0.0503119, 1.25729e-08)
shape = SubResource("BoxShape3D_xceh7")

[node name="Joint6" type="Area3D" parent="MeshRoue"]
transform = Transform3D(0.5, 0, 0.866025, 0, 1, 0, -0.866025, 0, 0.5, -0.139, 0.057, 0.24)
collision_layer = 16
collision_mask = 0

[node name="CollisionShape3D" type="CollisionShape3D" parent="MeshRoue/Joint6"]
shape = SubResource("ConcavePolygonShape3D_7d21r")

[node name="Bordure6" type="MeshInstance3D" parent="MeshRoue/Joint6"]
mesh = SubResource("BoxMesh_44hpn")
skeleton = NodePath("../..")

[node name="Valide" type="Sprite3D" parent="MeshRoue"]
transform = Transform3D(-0.5, -0.866026, -2.18557e-08, 2.18557e-08, -3.78552e-08, 1, -0.866026, 0.5, 3.78552e-08, -0.18357, 0.0548363, 0.112097)
pixel_size = 0.0015
texture = ExtResource("10_fe3n7")

[node name="CaseValide" type="Area3D" parent="MeshRoue/Valide" groups=["case_roue"]]
collision_layer = 0
collision_mask = 0
script = ExtResource("6_51lto")
numero_case = 6

[node name="CollisionShape3D" type="CollisionShape3D" parent="MeshRoue/Valide/CaseValide"]
transform = Transform3D(0.96621, 0.257773, 1.47721e-09, -0.257774, 0.966209, 1.12676e-08, 1.4751e-09, -1.12677e-08, 1, 0.0681408, 0.0486418, 4.65661e-09)
shape = SubResource("BoxShape3D_xceh7")

[node name="CollisionShape3D2" type="CollisionShape3D" parent="MeshRoue/Valide/CaseValide"]
transform = Transform3D(0.973011, -0.230782, 1.17998e-09, 0.230783, 0.97301, -1.00877e-08, 1.17778e-09, 1.00878e-08, 1, -0.056944, 0.0503119, 1.25729e-08)
shape = SubResource("BoxShape3D_xceh7")

[node name="Pointeur" type="Area3D" parent="."]
transform = Transform3D(4.37114e-08, -3.82137e-15, 1, -8.74228e-08, -1, 0, 1, -8.74228e-08, -4.37114e-08, -0.019436, 0.368363, 0)
collision_layer = 0
collision_mask = 16
script = ExtResource("5_hk06d")

[node name="MeshInstance3D" type="MeshInstance3D" parent="Pointeur"]
transform = Transform3D(1, -7.10543e-15, -3.55271e-15, 7.10543e-15, 1, 0, 3.55271e-15, 0, 1, -6.89543e-10, 0.0527771, 0)
mesh = SubResource("PrismMesh_w7nj8")
skeleton = NodePath("../..")

[node name="CollisionShape3D" type="CollisionShape3D" parent="Pointeur"]
transform = Transform3D(1, -1.62714e-12, -8.13571e-13, 1.62714e-12, 1, -4.48927e-20, 8.13571e-13, 0, 1, 3.21135e-09, 0.0505621, 0.0102839)
shape = SubResource("BoxShape3D_cvrh3")

[connection signal="area_entered" from="Pointeur" to="." method="_on_pointeur_area_entered"]
[connection signal="area_entered" from="Pointeur" to="MeshRoue" method="_on_pointeur_area_entered"]
